여장부 1 4 3 3 3.3 
한근반근 1 3 4 3 3.3 
생고기제작소 1 4 1 2 2.3 
고기구락부 3 4 3 3 3.3 
김스타치킨 4 4 3 3 3.3 
탭앤탭앤프리츠  1 4 4 4 4.0 
맛없는집 1 1 2 1 1.3 
579포차 2 2 1 1 1.3 
한양곱창전골 1 4 2 2 2.7 
지호한방삼계 1 4 3 2 3.0 
호원 2 3 4 2 3.0 
구월애 2 4 5 4 4.3 
동네맛집   2 3 4 2 3.0 
대궐 2 5 4 3 4.0 
서가앤쿡 4 4 3 3 3.3 
논스탠다드 4 4 3 4 3.7 
유난 4 4 2 5 3.7 
뜨돈 4 4 3 3 3.3 
마장동뒷고기 1 4 4 3 3.7 
홍익돈까스 3 4 5 3 4.0 
오토상스테끼 3 4 3 4 3.7 
구가연어 1 4 3 3 3.3 
쿡피시 3 5 3 3 3.7 
러빙스시  4 5 1 3.3 
시래기국밥 1 3 4 2 3.0 
맛찬들 1 4 3 3 3.3 
진짜배기119 1 4 3 3 3.3 
생고기 1 4 2 3 3.0 
홍길동전 1 5 3 3 3.7 
리틀타이키친 4 4 3 3 3.3 
전우치전  1 4 4 3 3.7 
고즈넉 1 4 3 4 3.7 
수애노 2 4 3 4 3.7 
소가담 3 4 4 4 4.0 
하찌밥상 1 4 4 4 4.0 
선산곱창 1 4 4 2 3.3 
홍콩반점 2 4 4 3 3.7 
양덕손짜장 2 3 4 2 3.0 
아이니 2 4 3 4 3.7 
코레아경양식 4 4 3 4 3.7 
바벤 4 3 3 4 3.3 
스프커리보울 3 4 3 3 3.3 
일가연 3 4 3 3 3.3 
한우좋은날 1 4 2 3 3.0 
99통삼겹 1 4 4 3 3.7 
할매육숫간 1 4 2 2 2.7 
쌀통닭 1 3 3 1 2.3 
호식이두마리치킨  1 4 4 1 3.0 
교동짬뽕 2 4 4 3 3.7 
팔선 2 4 2 4 3.3 
우얼마이 4 0 4 3 2 3.0 
마법의숲 4 3 3 4 3.3 
